4 9 16
70 60 75 75 65 95 90 50 55 50 80 60 65 80 55 75 40 80 110 75 75 95 80 40 60 70 60 60 70 75 50 55 55 75 75 70 95 70 95 60 85 65 85 65 35 95 50 85 80 40 85 95 95 50 100 65 65 60 90 90 85 50 70 80 80 70 65 85 50 105 60 80 65 65 55 45 30 110 105 40 100 60 60 60 50 105 60 95 90 85 65 35 70 70 75 80 65 85 60 75 55 65 45 65 65 70 95 60 75 55 45 80 95 65 50 85 50 110 50 70 60 55 60 70 85 45 35 50 80 60 80 55 85 75 55 45 30 85 70 60 75 90 60 75
115 120 130 150 180 175 160 95 165 165 165 185 135 175 125 145 165 145 140 140 115 130 115 120 110 120 135 115 130 120 120 125 200 135 120 140 140 135 160 90 140 95 155 145 110 130 150 140 195 150 165 115 165 150 115 150 135 120 140 165 135 95 130 155 150 125 190 165 140 120 130 155 140 115 165 95 120 170 110 180 115 150 175 115 145 145 130 135 185 100 120 110 165 185 100 160 120 120 165 190 170 140 125 160 100 145 155 120 135 135 130 165 110 110 145 120 145 140 185 135 140 75 130 110 120 160 155 160 155 150 110 155 125 145 120 125 155 150 100 130 145 155 130 135
14 1
78 1
49 2
27 2
84 3
139 3
113 4
52 4
50 5
71 5
13 6
110 6
13 7
135 7
2 8
15 8
75 9
128 9
93 10
138 10
117 11
23 11
113 12
128 12
40 13
103 13
69 14
6 14
9 15
64 15
120 16
33 16
2 17
141 17
98 18
62 18
126 19
14 19
136 20
46 20
28 21
52 21
107 22
110 22
83 23
43 23
110 24
117 24
99 25
65 25
50 26
103 26
35 27
101 27
33 28
135 28
141 29
75 29
35 30
105 30
130 31
124 31
15 32
101 32
91 33
41 33
50 34
135 34
45 35
64 35
85 36
99 36
88 37
120 37
30 38
53 38
44 39
54 39
71 40
89 40
83 41
50 41
45 42
50 42
100 43
32 43
122 44
60 44
56 45
144 45
101 46
73 46
17 47
44 47
53 48
139 48
73 49
134 49
73 50
7 50
101 51
61 51
53 52
8 52
8 53
138 53
39 54
45 54
46 55
109 55
72 56
16 56
105 57
32 57
94 58
116 58
40 59
100 59
13 60
90 60
51 61
48 61
93 62
48 62
4 63
131 63
7 64
87 64
111 65
66 65
122 66
31 66
18 67
98 67
90 68
81 68
135 69
4 69
8 70
86 70
8 71
44 71
13 72
119 72
31 73
30 73
78 74
38 74
33 75
117 75
43 76
47 76
55 77
87 77
109 78
137 78
135 79
95 79
114 80
111 80
42 81
76 81
41 82
25 82
27 83
22 83
70 84
121 84
78 85
59 85
99 86
34 86
26 87
120 87
52 88
115 88
100 89
131 89
117 90
128 90
10 91
37 91
34 92
113 92
25 93
5 93
19 94
36 94
140 95
79 95
81 96
46 96
17 97
4 97
137 98
127 98
9 99
43 99
141 100
132 100
108 101
5 101
33 102
53 102
126 103
89 103
14 104
99 104
112 105
12 105
139 106
99 106
65 107
116 107
141 108
58 108
60 109
133 109
105 110
118 110
77 111
8 111
32 112
13 112
134 113
4 113
121 114
34 114
111 115
23 115
122 116
36 116
122 117
22 117
117 118
100 118
52 119
79 119
63 120
1 120
104 121
7 121
108 122
129 122
125 123
5 123
118 124
62 124
128 125
90 125
61 126
42 126
92 127
123 127
104 128
129 128
21 129
28 129
105 130
10 130
53 131
75 131
95 132
9 132
46 133
102 133
37 134
20 134
62 135
42 135
120 136
16 136
128 137
58 137
85 138
135 138
110 139
8 139
113 140
40 140
68 141
51 141
130 142
108 142
1 143
61 143
26 144
112 144
